10.012 219.69 0.5532E-03 ''                                    
 9.542 218.67 0.6494E-03 ''                                    
 9.092 217.75 0.7608E-03 ''                                    
 8.664 217.01 0.8674E-03 ''                                    
 8.256 219.25 0.9556E-03 ''                                    
 7.868 221.98 0.1037E-02 ''                                    
 7.500 225.23 0.1115E-02 ''                                    
 7.148 228.33 0.1194E-02 ''                                    
 6.812 231.28 0.1277E-02 ''                                    
 6.492 233.82 0.1363E-02 ''                                    
 6.188 236.23 0.1444E-02 ''                                    
 5.898 237.85 0.1518E-02 ''                                    
 5.620 239.10 0.1623E-02 ''                                    
 5.356 239.63 0.1973E-02 ''                                    
 5.106 238.80 0.2318E-02 ''                                    
 4.866 240.85 0.2466E-02 ''                                    
 4.636 242.80 0.2611E-02 ''                                    
 4.418 244.65 0.2901E-02 ''                                    
 4.212 246.21 0.3220E-02 ''                                    
 4.014 247.97 0.3400E-02 ''                                    
 3.826 249.39 0.3653E-02 ''                                    
 3.646 250.69 0.3950E-02 ''                                    
 3.476 251.92 0.4253E-02 ''                                    
 3.312 252.85 0.4554E-02 ''                                    
 3.156 253.65 0.4859E-02 ''                                    
 3.006 254.44 0.5166E-02 ''                                    
 2.866 255.18 0.5448E-02 ''                                    
 2.730 256.06 0.5760E-02 ''                                    
 2.602 256.52 0.6132E-02 ''                                    
 2.480 256.96 0.6506E-02 ''                                    
 2.364 257.38 0.6860E-02 ''                                    
 2.252 257.96 0.7147E-02 ''                                    
 2.146 258.84 0.7379E-02 ''                                    
 2.044 259.68 0.7603E-02 ''                                    
 1.946 260.49 0.7815E-02 ''                                    
 1.854 261.25 0.8014E-02 ''                                    
 1.766 261.98 0.8202E-02 ''                                    
 1.682 262.68 0.8403E-02 ''                                    
 1.602 263.37 0.9002E-02 ''                                    
 1.526 262.88 0.9563E-02 ''                                    
 1.454 263.44 0.9702E-02 ''                                    
 1.386 264.02 0.9809E-02 ''                                    
 1.322 264.57 0.9915E-02 ''                                    
 1.260 264.98 0.1003E-01 ''                                    
 1.202 265.36 0.1013E-01 ''                                    
 1.144 265.73 0.1023E-01 ''                                    
 1.090 266.08 0.1032E-01 ''                                    
 1.038 266.41 0.1040E-01 ''                                    
 0.988 266.74 0.1048E-01 ''                                    
 0.940 267.04 0.1056E-01 ''                                    
 0.896 267.32 0.1063E-01 ''                                    
 0.852 267.60 0.1071E-01 ''                                    
 0.810 267.86 0.1078E-01 ''                                    
 0.772 268.09 0.1085E-01 ''                                    
 0.736 268.31 0.1091E-01 ''                                    
 0.700 268.53 0.1097E-01 ''                                    
 0.666 268.74 0.1103E-01 ''                                    
 0.634 268.98 0.1111E-01 ''                                    
 0.604 269.25 0.1119E-01 ''                                    
 0.574 269.52 0.1127E-01 ''                                    
 0.548 269.76 0.1135E-01 ''                                    
 0.522 269.99 0.1142E-01 ''                                    
 0.498 270.21 0.1149E-01 ''                                    
 0.474 270.42 0.1155E-01 ''                                    
 0.452 270.62 0.1162E-01 ''                                    
 0.430 270.81 0.1168E-01 ''                                    
 0.410 270.99 0.1174E-01 ''                                    
 0.390 271.17 0.1180E-01 ''                                    
 0.370 271.35 0.1186E-01 ''                                    
 0.352 271.51 0.1191E-01 ''                                    
 0.334 271.67 0.1196E-01 ''                                    
 0.318 271.81 0.1201E-01 ''                                    
 0.302 271.95 0.1205E-01 ''                                    
 0.288 272.08 0.1209E-01 ''                                    
 0.274 272.20 0.1214E-01 ''                                    
 0.260 272.32 0.1218E-01 ''                                    
 0.246 272.45 0.1221E-01 ''                                    
 0.234 272.56 0.1225E-01 ''                                    
 0.222 272.66 0.1228E-01 ''                                    
 0.210 272.77 0.1231E-01 ''                                    
 0.200 272.86 0.1234E-01 ''                                    
 0.190 272.95 0.1237E-01 ''                                    
 0.180 273.04 0.1240E-01 ''                                    
 0.170 273.12 0.1242E-01 ''                                    
 0.160 273.21 0.1245E-01 ''                                    
 0.150 273.30 0.1248E-01 ''                                    
 0.140 273.39 0.1251E-01 ''                                    
 0.130 273.48 0.1254E-01 ''                                    
 0.120 273.57 0.1256E-01 ''                                    
 0.110 273.66 0.1259E-01 ''                                    
 0.100 273.75 0.1262E-01 ''                                    
 0.090 273.83 0.1264E-01 ''                                    
 0.080 273.92 0.1274E-01 ''                                    
 0.070 273.79 0.1295E-01 ''                                    
 0.060 273.57 0.1317E-01 ''                                    
 0.050 273.34 0.1339E-01 ''                                    
 0.040 273.12 0.1361E-01 ''                                    
 0.030 272.89 0.1381E-01 ''                                    
 0.020 272.67 0.1401E-01 ''                                    
 0.010 272.44 0.1420E-01 ''                                    
 0.037 272.22 .1420E-01 ' '
