10.012 219.69 0.1136E-01 ''                                    
 9.542 218.67 0.1329E-01 ''                                    
 9.092 217.75 0.1541E-01 ''                                    
 8.664 217.01 0.1744E-01 ''                                    
 8.256 219.25 0.1920E-01 ''                                    
 7.868 221.98 0.2084E-01 ''                                    
 7.500 225.23 0.2243E-01 ''                                    
 7.148 228.33 0.2407E-01 ''                                    
 6.812 231.28 0.2577E-01 ''                                    
 6.492 233.82 0.2752E-01 ''                                    
 6.188 236.23 0.2934E-01 ''                                    
 5.898 237.85 0.3132E-01 ''                                    
 5.620 239.10 0.3353E-01 ''                                    
 5.356 239.63 0.3645E-01 ''                                    
 5.106 238.80 0.3919E-01 ''                                    
 4.866 240.85 0.4115E-01 ''                                    
 4.636 242.80 0.4304E-01 ''                                    
 4.418 244.65 0.4513E-01 ''                                    
 4.212 246.21 0.4724E-01 ''                                    
 4.014 247.97 0.4916E-01 ''                                    
 3.826 249.39 0.5122E-01 ''                                    
 3.646 250.69 0.5332E-01 ''                                    
 3.476 251.92 0.5544E-01 ''                                    
 3.312 252.85 0.5763E-01 ''                                    
 3.156 253.65 0.5984E-01 ''                                    
 3.006 254.44 0.6200E-01 ''                                    
 2.866 255.18 0.6404E-01 ''                                    
 2.730 256.06 0.6618E-01 ''                                    
 2.602 256.52 0.6846E-01 ''                                    
 2.480 256.96 0.7067E-01 ''                                    
 2.364 257.38 0.7277E-01 ''                                    
 2.252 257.96 0.7461E-01 ''                                    
 2.146 258.84 0.7625E-01 ''                                    
 2.044 259.68 0.7783E-01 ''                                    
 1.946 260.49 0.7933E-01 ''                                    
 1.854 261.25 0.8075E-01 ''                                    
 1.766 261.98 0.8211E-01 ''                                    
 1.682 262.68 0.8345E-01 ''                                    
 1.602 263.37 0.8573E-01 ''                                    
 1.526 262.88 0.8797E-01 ''                                    
 1.454 263.44 0.8916E-01 ''                                    
 1.386 264.02 0.9023E-01 ''                                    
 1.322 264.57 0.9131E-01 ''                                    
 1.260 264.98 0.9242E-01 ''                                    
 1.202 265.36 0.9350E-01 ''                                    
 1.144 265.73 0.9454E-01 ''                                    
 1.090 266.08 0.9553E-01 ''                                    
 1.038 266.41 0.9648E-01 ''                                    
 0.988 266.74 0.9739E-01 ''                                    
 0.940 267.04 0.9825E-01 ''                                    
 0.896 267.32 0.9911E-01 ''                                    
 0.852 267.60 0.9997E-01 ''                                    
 0.810 267.86 0.1008E+00 ''                                    
 0.772 268.09 0.1015E+00 ''                                    
 0.736 268.31 0.1022E+00 ''                                    
 0.700 268.53 0.1029E+00 ''                                    
 0.666 268.74 0.1036E+00 ''                                    
 0.634 268.98 0.1042E+00 ''                                    
 0.604 269.25 0.1048E+00 ''                                    
 0.574 269.52 0.1053E+00 ''                                    
 0.548 269.76 0.1059E+00 ''                                    
 0.522 269.99 0.1064E+00 ''                                    
 0.498 270.21 0.1068E+00 ''                                    
 0.474 270.42 0.1073E+00 ''                                    
 0.452 270.62 0.1078E+00 ''                                    
 0.430 270.81 0.1082E+00 ''                                    
 0.410 270.99 0.1086E+00 ''                                    
 0.390 271.17 0.1090E+00 ''                                    
 0.370 271.35 0.1094E+00 ''                                    
 0.352 271.51 0.1098E+00 ''                                    
 0.334 271.67 0.1102E+00 ''                                    
 0.318 271.81 0.1105E+00 ''                                    
 0.302 271.95 0.1108E+00 ''                                    
 0.288 272.08 0.1111E+00 ''                                    
 0.274 272.20 0.1114E+00 ''                                    
 0.260 272.32 0.1117E+00 ''                                    
 0.246 272.45 0.1119E+00 ''                                    
 0.234 272.56 0.1122E+00 ''                                    
 0.222 272.66 0.1124E+00 ''                                    
 0.210 272.77 0.1127E+00 ''                                    
 0.200 272.86 0.1129E+00 ''                                    
 0.190 272.95 0.1131E+00 ''                                    
 0.180 273.04 0.1133E+00 ''                                    
 0.170 273.12 0.1135E+00 ''                                    
 0.160 273.21 0.1137E+00 ''                                    
 0.150 273.30 0.1139E+00 ''                                    
 0.140 273.39 0.1141E+00 ''                                    
 0.130 273.48 0.1143E+00 ''                                    
 0.120 273.57 0.1145E+00 ''                                    
 0.110 273.66 0.1147E+00 ''                                    
 0.100 273.75 0.1149E+00 ''                                    
 0.090 273.83 0.1151E+00 ''                                    
 0.080 273.92 0.1155E+00 ''                                    
 0.070 273.79 0.1162E+00 ''                                    
 0.060 273.57 0.1170E+00 ''                                    
 0.050 273.34 0.1178E+00 ''                                    
 0.040 273.12 0.1186E+00 ''                                    
 0.030 272.89 0.1193E+00 ''                                    
 0.020 272.67 0.1200E+00 ''                                    
 0.010 272.44 0.1207E+00 ''                                    
 0.037 272.22 .1207E+00 ' '
